13
71
2)6
:27
4
3
7
3(3
1
7.7
23
4
)7#6
98
35
4
88
1
4
4
23
1
6
46
2
3
23
13
8
3.5
65
8
60
3
30
2
97
48
26
51
/43
40
96
20
68
57
5
3
5
7
42
70
2
45
38
1
53
57
28
44
18
2
1
4
28
4
7
14
20
3
1
45
4
8
77
84
36
7
86
45
85
(7
-2(6
67
5
2
1
2
58
6
93
28
60
7
38
23
31
4
60
96
9
56
75
1
5
8
2
1
46
52
87
45
94
60
4
72
20
4
9.8
18
34
3
45
7
68
9
9
1
3
34
55
44
2
9
5
34
26
6
32
16
9.8
80
7
47
26
4
2
8
3
53
93
2
9
18
24
7
41
32
37
4
8
2
76
6
2
41
93
8
17
9
8
5
5
81
86
72
1
2
1
60
2
25
41
7
4
10
1
91
7
6
66
9
6
47
4
4
94
6
73
9
4
70
64
7
52
91
4
7
95
3
9
65
6
/3(7
51
3
(5
37
33
4
87
6
9
8
17
3
1
41
6
-5
58
1
54
48
25
:3
78
9
2
5
27
3
6
1
3
17
72
98
68
71
4
68
22
9
66
5
:2
77
41
62
17
30
25
35
70
98
11
4
83
8
51
68
33
7
5
88
3
34
4
57
33
4
5
2
5
3
6
27
37
23
24
12
8
20
50
38
4
3.0
27
8
6
6
72
31
48
40
93
73
41
25
54
56
7
44
5
9.1
6
6
2
24
63
15
2
98
72
44
9
6
8
66
5
3
4
3
15
4
95
48
63
66
33
)86
3
8
42
9
6
62
)48
53
1.2
1
6-6
52
68
7
6
90
77
8
77
9
26
8
93
9
76
57
92
86
55
15
7
8
72
20
61
7
9
5
94
92
28
77
43
6
75
5
1
1
9
57
8.8
9
1
94
90
55
77
9
46
65
66
7
7
54
96
84
70
95
8
92
6
2
83
8
44
40
34
6
7
1
28
6
1
30
41
46
17
10
6
6
97
-2
13
1
9
31
9
7
91
4
2/1
67
1
82
83
1
3
2
7
57
1
5.8
4
5
90
12
95
15
92
8
2
95
48
1
2
53
22
6
8
9
97
7
20
72
4
15
2
2
44
30
9
1
5
65
86
3
86
4
37
7/0
27
3
8
13
1
86
4
74
9
5
7
2
35
74
1
5
4
50
5
65
(9
/77
9
8
9
6
8
63
12
7
8
64
7
9
3
9
62
6
3
32
30
-8
47
10
7.5
21
5
2
64
18
81
54
63
8
81
17
3
6
38
1
87
7
8
92
4
93
1
1.0
3
(1
4
5
5
18
6
40
4
2
9
8
7
70
2
2
9
77
:51
93
24
76
10
1(7
5
42
6
6
18
73
1
1
91
90
50
92
83
5
88
43
8
25
)4-6
1/6
9#1
71
3
9
1
56
2
8
12
31
1
8#7
18
53
8
2
5
7
26
74
66
5
2
9
65
5
83
3
58
9
2
1
88
2.3
58
6
9
83
8
6
87
6
5
:5
18
57
74
82
6
57
6
63
5
9
86
4
8
42
68
2
28
6
71
94
6.6
67
3
87
8
23
:3
25
:4
62
54
42
74
64
8
9
4
5
2
52
24
72
7
5
1
9
12
74
28
)1:2
6
53
4
7
15
9
92
67
6
92
7
7
91
6
75
37
6.4
5
11
81
68
64
64
12
1(2
72
73
82
2
84
3
2
87
5
61
2.3
5
7
5
50
6
68
4
7
75
91
8
1
50
93
1
5
8
35
4
9
7
91
7
90
33
6
6
51
37
24
85
82
25
8
65
6
98
30
61
40
3
3
34
5
92
93
17
24
27
75
42
51
4
6.1
5
8
)7
1
2
3
15
7
1
5
3
/5
85
37
5
2
8
2
44
14
84
38
3
94
57
16
4
7
75
37
16
6
1
7
2
43
61
7
78
30
1
77
3
6
91
3
7
6
8
50
6
8
9
6
55
54
93
5
9
31
46
9
1
5
84
57
32
4
43
9
50
18
6
13
7
40
64
8
4
30
4
5
6
43
94
8
70
1/5
82
3
6
1
31
4
48
8
55
12
1
28
17
53
5
4
3
64
44
2
8
67
5
7
96
9
7
3
9
70
10
4
8
1
32
5
17
37
74
36
9
12
43
6
70
30
6
26
6
11
24
3
22
4
5
3
55
93
7
80
54
91
25
62
12
57
90
6
76
6
14
8
40
7
42
80
25
3
5
2
7
18
94
8
56
92
80
2
3
47
34
15
27
4
12
7
3
62
1
1
57
17
66
44
7
5
80
63
9
30
9(7
33
5
31
4.8
5
46
14
8
63
9
41
71
20
6
822
16
3
75
9
175
7.2
1
25
616
40
66
456
740
651
10
5
282
6
40
98
713
5
1
18
436
314
610
77
640
735
6
2
4
11
27
70
2
3
2
1
66
224
2
95
151
47
32
363
47
836
75
2
57
26
957
6
225
1
545
3
40
48
868
42
)6
7
703
9
7
938
257
78
/23
1
956
50
1
6
663
3
48
738
1
478
85
3
6
3:1
703
3
7
75
853
1
5
45
5.43
482
214
344
268
608
5
78
277
3
8
8
51
37
98
8
62
8
202
80
5
548
5.44
363
5
554
61
3.43
30
638
1
106
724
42
62
801
142
42
14
761
90
685
731
923
184
55
8
4
625
3
205
55
580
130
96
50
1
427
370
1
45
54
6
55
68
)1
8
7
72
26
744
28
34
984
11
451
23
6
171
5
310
37
915
4
16
40
6
2
462
9
4
7
54
43
763
286
915
418
97
852
17
504
5
515
30
76
745
487
90
525
:47
916
768
74
1
4
8
88
571
811
1
75
464
972
411
1
5
332
131
2
15
2
4
97
51
42
25
9.17
1
-5/0
787
388
#778
9
1
782
61
413
61
3
8
94
3
4
904
4
2
8
936
93
3.5
826
84
36
7
965
4
3
)1
470
56
6
303
8
26
810
2
23
/1(24
77
87
36
11
2
8
47
338
3
44
462
964
745
3
125
92
887
72
71
72
7
5
84
88.6
6(6-2
35
13
7
9
5
7
1
912
402
51
93
611
358
75
2
61
32
927
18
/70
1
26
92
4
56
66.7
44
30
4
9
32
9
21
22
66
644
96
16
2
3.86
41
47
5
3
98
503
9
9
208
44
2
24
71
481
1
88
304
1
1:2
7
33
25.2
38
6
2
56
477
4
221
624
7
41
9
174
475
406
55
10
578
47
665
4
266
950
34
516
3
85
9
28
68
4
95
546
581
175
98.5
97
31
2
41
7)63
78
7
400
84
23
1
920
9
503
51
6
-52
82
44
547
174
7
9
1
325
52
8
16
16
2
847
30
4
1
381
874
308
44
1
284
3
501
504
66
5
907
1
63
3
38
9
7.40
7
5
880
91
450
3
8
281
2
65
37
176
552
3
68
8
9
168
3
47
5
7
50
5
87
15
24
78
4
7
4
62
(828
927
47
45
6
86
928
50
51
22.4
2
521
824
4
924
616
5
58
54
83
3
4
870
92
2
522
736
9
308
836
6
26
70
74
51
47
4
2
344
462
68
738
750
9
9
267
981
9
442
93
604
83
40
424
9
3
68
1
)4
6
17
58
148
9
637
34
5
227
96.7
5
53
1
426
7
30
376
2
72
3
1
3
18
90
40
914
1.16
860
41
118
3
95
288
126
7
30
48
988
3:8
658
84
1
82
9
373
85
14
4
22
43
92
#4
500
48
5
767
41
241
188
432
814
648
506
58
7
83
310
4
3
955
571
8
2
57
918
9
81
46
1
21
-282
588
2
57
61
6
5
470
9
302
55
41
27
25
17
9
1
63
641
8
6
647
64
3
5
5.2
367
52
7
308
27
2
4
748
821
768
60
185
61
447
68
180
2
58
4
134
5
7
6
887
63
435
8
88
7
16
7
27
73
4
58
828
41
938
5
614
93
748
723
9
31
46
28
74
8
47
368
7
8
501
863
5
644
383
545
452
55
970
715
46
674
45
1
846
2
350
3
86
588
341
8
866
51
7
481
27
5
2
3
3
328
4
830
700
88
63-7
367
674
7
9
33
512
51
5
38
16
2
250
42
42
98
4
473
3
75
303
83
10
4
974
7
875
3
414
9
7
2
2
63
765
887
272
5
787
235
780
5
73
98
98
2
702
35
675
675
922
6
80
40
5
5
841
/9
15
313
1
6
668
74
9
71
726
80
524
2
2
8
3
34
615
582
400
111
12
1
8#3
3
5
83
5
370
383
6
113
337
1
8
7
9
95
22
66
982
7#2
74
570
3
474
2-0
1
7
358
51
57
3
332
910
10
7
27
4
9
83
8
23
2
7
724
982
2
520
37
3
10
970
4
62
8
582
475
355
85
6)1
5
155
1
9
6
400
245
5
678
21
65
710
50
972
3
9
171
4
744
90
5
2
6
537
150
54
21
5
72
676
462
271
2
28
950
1
6
1
531
7
4.36
9
863
52
172
58
935
6
4
51
3
867
428
507
15
152
6
52
972
7
321
140
16
5
1
1.5
7
75
15
987
3
915
95
28
7
456
870
554
21
248
9
4
3
518
48
243
96
6
4
9
(6
61
425
180
14
17
3
5
32
184
1
55
43
80
34
975
3
4.1
6
54
58
:1
5
6
9
141
307
30
46
46
724
74
652
3
8
1,035
72
7,011
97
257
4
8
4
62
6523
34
7,046
)2(0(5
173
22
552
3,375
784
55
3236
348
95
131
1,334
318
9#7
77
1040
9776
16
1824
62
3408
9
32
8,332
5575
7,711
7
342
30
884
2
7
73.43
184
1744
776
3
50
5
6836
2.17
23
72
62
40
610
37
8
5
840
6
513
88
8674
53
47
1
5,761
1
425
64
3.5
9,418
20
974
140
7
71
81
6
7311
3
4008
677
9180
7854
2
848
71.6
3
5
40
9828
8682
43
7185
67
3
74
2581
5531
53
267
9,475
8
732
6708
3
42
97
235
882
35
71
1507
1714
564
987
4
6
30
6
475
44
57
1
876
83
631
8
51
7,343
8,553
332
25
3,818
1
3836
53.2
782
103
85
216
506
2
6
73
5857
613
9
825
366
9,487
28
85
4437
5
62
6
7745
9,528
2816
36
7632
17
407
423
6
6
67
1
8860
41
:5
3,375
521
4411
6
30
62
44
1
565
5
352
5
65
836
7
20
20
97
3
6555
83
8,042
#962
355
443
1766
8
43
936
2
1,754
3174
98
461
4336
4,532
780
905
7,168
5,047
676
4042
-5
1
104
3
8060
2784
1
5
1.0
502
8
5
5,282
90
164
40
76
1
67
37
48
7328
27
158
56
203
1472
6,167
575
604
9
4,426
1234
3231
8
4337
134
345
1374
61
7265
660
55
46
7074
413
106
3
3)1
37
2
447
71
852
818
7
872
484
45
401
1,078
2
641
31
1
226
70
3744
3
320
838
9
7,058
631
8.23
6
418
6137
560
8618
5
987
576
7202
63
4448
9
9
83
217
130
83
407
302
685
42
2436
33
7,042
9
980
5.25
2243
3
1,071
850
3
3
7,432
67
34
52
6243
3
3
1
676
485
4463
8007
326
2655
61
433
3
7
8181
51
731
120
82
36
625
46
2
18
9
5,251
7037
288
22
8102
751
7681
6
7.2
8
10
62
1
1336
424
34
9474
174
2
23
872
9302
5,218
6
9
47
93
7
9
4,312
1
700
888
815
2021
9,645
9845
624
9
878
2,647
1527
353
3
4
8701
5,143
5
4
3
876
808
6,573
111
744
87
915
3,356
225
63
2
2
1,303
7136
2347
7
5
8838
20
466
4.600
1
832
2,407
203
8
1330
83
105
1
75
8
/8/64
2450
2177
2,542
2
7701
6
58
98/2
53
4
20
514
2,654
2773
4
2
8,744
26
834
51.7
164
9,318
851
9
608
4
582
72
232
265
616
1653
5
9,523
852
5
7.1
4
618
361
2
3825
4,217
3.7
34
2)26
64
9
12
8817
44
33
95
8
905
9
7
4
17
6,585
93
7887
353
6
405
1
42
2123
5,126
4
1
463
745
65.12
1
6652
7,560
5,173
50
62
568
253
3
1
668
316
84
5
687
8
93
2
361
611
5241
1
468
5811
7581
54
4023
666
9
92
730
564
8
2
26
2453
1,137
3
254
413
9,146
77
3460
7
2417
3178
6033
37
4
5,503
8
3.3
9,445
52
682
313
2871
95
53
4
177
1,425
773
20
278
511.3
930
54
32
1000
87.1
13
745
2
818
64.7
5645
505
5
4
8
6,718
1,058
9,452
170
360
3,228
4103
314
582
341
2,454
216
334
700
11/86
6757
96
)4:0
8
6812
1
41
41
9
-57
727
335
817
6
61
6
33
92
454
68
5
7
9041
)9
2
32
9
86
7,751
61
610
23
22
87
4(7
93
2.0
45
66
3
9
23
7
11
632
5
28
5
81
3
15
8
6,487
7185
8337
:281:8
141
7
4,182
878
921
7783
736
732
5
8
8
84
4
7,761
621
9.13
9145
4
8
3
8444
8
7
625
2
2,768
3312
2
94
47.1
1203
62.63
4
9/6)1
725
873
835
54
6102
132
7,577
730
28
918
7872
8760
75
51
8
6357
3
431
2
5
4475
6
75
8
3
2,351
232
3846
1315
102
1
202
8064
6
1
7
2125
91
3
77
9
7/7
:177
66
413
74
8537
3,373
8,226
4,124
357
13
6165
8
(86
9
25
4,652
7
53
3545
5
2,008
54
866
808
9
34
87
525
/8
5
14
178
165
306
94
9867
32
3
88
6
11
2,876
77
9,551
60
1
922
540.8
7,474
3,808
845
7
4
20
930
45
9
2134
501
73
80
4
977
243
840
9
583
7,507
90
3,125
11
8
2
8
3
7668
54
88
74
3070
-9)82-3
3
77
66
1
572
57
/500-5
2
3325
45
7
357
9462
6622
71
511
3
1
8
417
9
3
9236
8
55
532
644
5
4,116
90
6243
8,027
3,044
178
5,566
7
22
46
6,788
8
3401
1003
5
2
6050
926
454
6061
9.35
25
3
8
85
2
880
13
627(1
5,352
8117
7281
30
2284
9
742
6
855
686
78
536
5,115
980
94
877
61
7
84
4,012
13
42
1,850
5
388
4273
242
774
83
566
1,104
221
1
9761
61
91
41
24
188
5487
273
83
56
2
1
6
357
8775
3,848
108
9384
873
6
4
1,803
404
361
317
441
6
12
5
20
984
562
333
2
24
3
237
3
160
773
4,468
5
9,845
6,873
1
6,446
3,281
875
25
821
383
821
6316
9,636
1356
72#45
162
300
16
454
961
9
65
8
30
3
4
85
1108
5
56
3
2730
925
8
74
9
103
4.3
6184
874
5,765
1
47
68.27
7,351
2.0
443
835
843
17,158
3360
37
38
:40
72
3
3,385
3,481
12
762
587
34
87
11
173/2
73.628
28
1
2
82
5
46451
9582
241
75087
18
15
47308
13
13080
61338
41
665
26067
654
841
6136
24
30,821
1147
3,507
25
3
41
44
55
2,475
1
18004
5
17
36,575
4
4,210
501
7
142
30,206
7243
25574
7
96640
701
5
676
85
25
34
7610
68
6
618
681
2,404
3703
51:51
5571
8318
3
38
68
#12086
7
30
52,671
4001
705
5
92
432
87:3
727
46552
8
4026
11431
268
9
503
91,646
635
65
4
821
2
47
9846
16
3
212
507
14
5,070
3521
92
5
)1
146
4.0
14
83,551
7147
3883
75
9
:715#1
45
788
97383
222
81352
34,364
245
23438
9534
33,816
670
5
58130
35
)882#65
200
#6(540
5752
3
66265
5234
2
30822
2,205
95
1286
9431
2
27343
386
82138
4
60
4145
4142
4727
516
26
13
27
7742
5
781
421
58
5684
10
774
4
4
7
414)4
3224
908
25,475
5,181
12
235
12,026
(3
1174
37
32,767
3401
9041
307
31,438
8
38812
548
475
972
56132
45,657
8388
733
1688
2
2
6486
270
5
5
538
15
5
5220
7#20
9713
9
64
157
571
38
8
41004
48
55
46307
44
20
42
6218
3.7
57471
93
805
971
2230
7
461
1
7,345
17827
264
40164
82,648
17182
615
77443
7
2,472
66.263
66414
81)21
47
6
3
663
6
2
245
54
854
#87
760
21
87
4
4
3
51,727
93
6124
2
980
1,717
9,060
1,564
21.640
37
5)31
54
2
8532
470
3
53
815
48,544
77
277
9
68
517
5
41854
5617
53525
7506
1521
31
2
98
8861
57661
1181
8,734
5.161
4034
5
72
90
8,815
6
43,250
664
6,730
)5
1534
3475
#27
44,454
75
70708
83823
50
93
8608
178
68740
50,330
3
8
7
4
674
2
950
20
2
343
3,833
4,261
96,375
946
)14
5
88
2,123
632
5
58
3
640
73
1
74
46866
16657
96352
700
98457
91.45
5418
367
87,535
3
24812
2
66705
7,534
65
46
9
33
351
1124
9
447
4457
72
3243
3
4
166
55
262
372
626
33
687
3408
361
90
907
8018
548
6
96630
6,114
425
90,246
6
8
85,582
7
216
8384
504
583
8452
738
160
7353
262
2042
533
77236
334
41882
86
36
47
52
7
26
2,556
325
82
6
20681
50201
50-35
25
46,101
5752
48
241
311
684
711
9
664
8162
81
26076
747
81
36
7
2
9014
142
3
738
43,781
7
16
9
9
48450
43
15856
3
94602
8,655
85675
88
35.7
8005
8
688
51
71042
5
93354
87
4
8
78400
8262
66
355
6
2
97
90282
36
210
86
256
861
1
7422
44
45
11.6
46
5,161
9,645
88
4876
3
3222#5
9
2645
1,212
525
3
133
502
7542
75482
9058
801
82
77410
88
(1
3
7
45
14
80438
90
86
#1
27
52.20
78
226
10,262
9
9
187
58250
23
13
16
1586
376
5
9313
515
6
454
2
2,285
9
7,714
1
353
922
21
1,638
76378
52666
8,438
535
1,771
93
86
5860
2
1
66654
75
2642
55
56
384
745
362
28836
243
83
7,401
7862
4765
11,864
6
12
745
9,070
98
53
6
3060
74
9506
76233
9
4550
106
900
38644
8203
44
6500
6,101
68265
7,106
7333
60,384
73
35,351
415
3181
68
5
22
100
5
587
8
8,155
8145
6148(8
36
852
5157
251
/118:3/6
666
476
86,323
33,156
8
7344
52458
3
5
4,171
2411
51
96.620
43343
12,415
7
7013
10485
327
470
243
318
9116
516
956
7
3
7
2
3743
95
3
6678
585
56565
7
4060
248.2
90345
23
9873
4870
3
363
3
445
8855
40.763
44
45
4
730
5,000
3452
56666
55
9
75028
9.81
80
82
18704
40226
96
57,434
61,302
2256
6
67
263
4144
151
73
28
8
2,377
83
18
8
46471
2
446
57368
23361
83358
50,173
73653
756
22,440
6486
1786
620
28
833
64
78
346
8766
56062
73717
70653
5,717
31265
6,736
4
9.8
430
531
108
324
27.660
50805
8,430
256
7
41,235
71
/18)3-7
8838
56015
146
4
3377
863
7728
4
56
502
93836
23
)82(14
98
9
1
38577
77,644
92
98
34
18
1
840
65
74
66,756
8
7
571
4644
220
32518
1,102
25
7,780
5
1,473
98454
52481
67,150
2447
85
92538
48.5
7323
636
61886
7
4
5687
41
18
5.254
14.367
1
5752
487
82260
71
71643
26
82363
/216#18
90,544
77203
7
85722
2728
90,385
236
87
87
640
50
138
18424
60
28
52480
2,518
7778
17,306
9
33,484
371
22
41.8
4524
145
9
5
6182
367
721
-1
93
33,870
93825
17873
3,031
57,387
411
5,024
6,405
93
66.4
4,187
3
2
484
4,484
93
6,526
36
85
88
31
8
743
506
2664
5
52
4
836
4,377
664
6
11#3)6
2(1:4
6
2033
302
485
7
4233.7
38001
505
1423.7
58
76
16
97
3
98056
64
315
5360
97.6
473
91160
7,501
12207
444
205
2
255
914
1
81171
1
76,444
8
744
213
2
9703
6304
12536
40577
86
67,433
5568
33
726
43050
4-40
811
81452
93244
8524
565
1,263
37
73
38363
8
15
125
3
308
431
602
7
7
371
7,663
370
76
902
9858
80065
6017
5
36774
264
7
28245
536
62082
258
5182
58284
7612
3
97,102
67
88
8
4,437
365.0
2088
227
5874
94
72
6
72526
45100
32720
46700
61
3
3263
5872
3
5,857
35
8(4
2706
3
1358
62211
90723
3
7
96
30
90275
3
1
5
6
25.0
50
7
23
9,504
77
98171
2
7
777111
18,280
9577
132080
8845
3
604431
8033
4447
358
53
348
18
25
87,811
9.55
862030
123
803
1
6674
155
9
512818
47171
62131
942,742
125
4
85
6
521585
2
900
972
911164
82
975,863
92
838425
501
4
3562
5,073
3154
17
887
2
64
3
546
723
6
7482
246,000
60320
404670
5876
3158
3,488
8,134
53,171
5.80004
3,104
7141
444225
657812
8746
134472
5
78142
84,644
58814
4.86
62
2
8
262054
140355
74513
260,820
73
646143
9735
382,120
1
8233
21
54574
78,876
24762
107051
7,518
463
8576
926
48575.4
20
227,047
24
368
47
1847
1114
152864
365
(4)5#5
3654.6
150,065
97133
4147
146(64
4
1
121
516121
63
6,126
168,433
9755
8
220
26
6#43:2
4,643
10
187825
584
320244
634764
54,580
485324
778.65
2567
91
260
31512
8800
26
286385
61
4142
1743
982
213,802
5567
470405
86
807
740
2,808
367034
8
23638
558234
57
1
2,830
612
1830
23
6,786
1842
476
512277
8023
227)88
32060
7
9
905822
55
767183
1
5
258,330
4081
60,628
2531
5477
7
64
241120
7
123628
67
9805
24
93
8
632
102746
4
94
210
2514
753,375
4376
67
803
7
71
26843
4
#7371
385
9
1
332622
2203
6(6/8:7/8
816
6
425
3162
8471
7
903
2883
78.50
50530
6744
8
47403
32/868(3
930,866
2567
52
685.2
882:84
7
78
11210.8
76,074
687276
44
910323
1
6
655
48572
77
7
1
68
120
92
24866
4128
585
35
6667
3
938168
5
831
7
6,715
3
8306
330
1050
887014
5
3
936743
98
7247
87015
804,015
57426
6534
8,056
843,214
3.2
8
20
5
1113
25
88
7
665.0
4,441
1
163
170
56185
243,370
36
81243
553
43
1,456
4704
5
344578
976
67727
766814
3746
96120
548804
9504
742,770
363723
22546
7381
78646
8
5
12
57,087
10
803
6
348
/60)4#4
5,647
9
8
2
34
5
600802
313
1771
225
7411
914,642
120552
473
16762
488
#3564
48637
972
42
85
18
9
3220
15
311
2023
717
9
383105
2
688
2718
4864
1
31
683602
465570
65
70068
1
95303
7530
9
30
48516
286,602
8532
1255
8
974341
40401
677324
1243
66
14,854
1,623
:511:1
84
802
8118
807756
5,742
262
10657
9
8217
10
410,454
80575
2
7
980073
1,011
163
90685
705
75
84
364
1.77115
66,807
831,222
934,087
58,200
33,583
888423
7.47580
#957#106
406,458
38
43
4412
11
966
663005
21
52
135165
93523
245
21
533458
93808
267
4
36215
38743
32
24433
752644
93
111
764
513
41828
282
5247
25501
58874
858715
1,014
452471
51.007
971
90
82217
934
133
124
3
7
522
55,425
675
44501
373
38
7037
1,801
1
156515
577084
7662
935
53
924
66
9
9
2438
3801
805
881
94303
1463
2
35
18
47574.2
6
6503
903508
37105
564
4143
366,218
47
24
12
-36
113
4
346071
615322
44
52
9061
843
386
706
77445
#5116
78
83871
/9
3.6
451
3783
525331
6
142,374
1828
2222
905826
9
(6(45-73
17
741061
912500
16
727,043
545,030
502
185
2802
4
574825
363
2
438
51
57
7186
8
964315
40,857
543,736
91
735
81133
670044
83575
501725
54220
37544
90
6,843
887,873
627
417
305
2,238
7776
12,216
8
1336
6
42
8303
20,073
2,644
23474
33
741
85
8618
6
28
6,560
10
746652
13
1,741
570352
353
95326
26
63,554
131,140
8065
5
1,548
2
2573
4527
84.740
3.782
417685
772,082
8
1657
977002
55.068
508423
12145
75,725
7674
8#8
17,003
8,008
87,817
775
31
47
653
8,422
5733
2
5
5.426
417,348
464
11.3
9
3
9
5
94112.7
8,888
87722
672872
356
906041
24
15210
50272
2
75303
4
3
383414
43343
2
17,275
1.5
135
7,261
687450
70
46727
2352
6,325
836,661
563
5
7
50
32
87
-301
2
640,362
62
30
45
224
4,385
92,547
41,672
93
45246
5,707
44
65555
240
9.36454
81378
97677
188
4
4,511
284
35
12318
34
-95-8123
25.04
783
56,351
31
778
78887
121
6
76
30
96,805
37
16472
407362
28108
9
5
4147
63
843684
65
665315
255367
41770
38,284
32
46
886
1
1
4,180
67
95,607
4,446
2
31
82850
75838
5433
362411
5414
14325
8
5,073
446742
807160
203258
5
(7)7:2(8
/2-26143
218622
1,675
640,087
46
4/8
43565
231.46
438012
3032
61
815014
753
40360
73537
1,218
43,610
313,656
1653
15
132,647
630805
680485
4
366
457301
8
731114
4876
248,776
71
2208
362
408
2,778
401
523
4700
630
680
2
138,443
481381
6
904
383
702636
31
925751
457
363,463
4413
76536
278
28518
101,053
3
870
942160
8
406084
97
1
216
853
13145
9
958,684
376653
5,248
7,301
1:0-2)60
301
3,754
354,384
350171
234
3
67
958
403
787413
280
21
53871
44443
12
412,560
81885
84
956
172721
/8/7/8#3:5
1
804
5.7738
48461
8
724
95
42636
7
380
1
5
7
703760
25388
780
443,550
731,700
807
707425
864436
20
1,371
334
51370
648
67476
42413
8
5057
83343
2,832
26457
243270
26
88
812301
62284
132
2123
142
46
71
735475
104
6,831
3
548
6637
6
22.3251
681404
6,133
10028
5.7
87
844543
85
18
57510#4
205
26,034
6
628
70002
7,868
5
408
6(6653/1
84,463
9156
12688
2241
270
942
96
65
23,646
5
2404
710402
930
2-04)4
9116
8
90
640
922122
21
7.17
821,184
6
286
961840
23
160,360
656.83
4
610703
15,218
851
23
1856
473
45
11
66,534
114,387
1
4
223
71
4
43.7
10,228
5244
977
5581
3058
21135
27,428
32
662
4
7
984
112702
96
325384
2
5143
751265
718
5
153825
7257
45.067
5,483
85505
5
94465
8
70202
524
24
46
357
162
1/80
3,555
3446
8510
37872
8,575
97701
330
5441
5763
222041
1406
254615
768
8,717
10,316
3
600.65
2
72
415
3,458
44
17534
74
1
232844
8
(11040
2161
1
75,067
64,130
3
352
53643
243706
536
2,873
13
57211
57,536
7
668
78676
3575560
98
430656
40,837
61,476
85
86
977
1455
241
9
677737
727
2
847740
84.237
)9
60
677,284
38,367
77
955531
64
4
92
8,343
652855
9.630
7
138808
7
64
77
3,088,723
200434
1703
54518
818
3
737767
902
915
4,878
8807721
90,872
6061
5367
9
60(8/810
546455
66013
3302331
274,631
30757
4485
3,673
30
93
9
1457
517
800
81
3415
8
8.0
554852
3106357
168274
9,313
#475-20
6
2
86
204
77
:23574
77
8.0
5355686
743,137
5810
3
183543.8
)9
3
25621
7825676
85
1378110
44
270
86665
566
3533
5241
33.1
7,234
7017
214
54013
4667448
1
91
6
4
8763325
80047
7
48218
35
6,837,111
246
246:4178
17
2
435722
734317
5814375
7506174
92
6
8
614,537
301
28
945,724
40304
4
6012523
92726
7,210
3,762
6,035,670
871772
342
536,865
7381755
3
64
932
13
4110
73,855
31
7668
10
1033322
173,725
25
527
627785
17
98871
35003
42
60352
7
941,470
1
620125
664282
2.4261
13,463
52
463330
2,268,717
4224
1136.21
732
7
327
/4#1)17:3
6
52101
3,163,740
4
26563
6,070,675
5081014
5
868
16617
953
7382605
4,364,157
5677655
9
6
465314
10557
783775
823
502,573
3
967
803543
7
2420018
618,631
664
565061
236,108
6:86
88
5317806
407045
888,441
4342633
30160
1,884
146074
1
8417871
8020425
786
6,737,427
606
68508
8220232
(6)8134
8,571,413
24751
576338
86
1,676,774
920808
3,126,225
65476
52136
304210
317
514#3(3
58228
93,407
37
11682
471
4,146
9
5623
41
(5)8
557,823
7364
31
366726
3052
2
4
22
176
773
4073853
5
70,548
5
6404
800
740821
5411865
164
707
645
425250
57
90461.2
4363
54.06682
1
3,040
18
5151413
686
520
1.1644
/6
236
1
/273
316458
128
108
45405
88122
6,571,246
68
86
30,008
26826
1765
860677
51223
623
28
416
201
7218737
31
3167520
513538
5162
712387
30271
183348
3348
2
83
5
6
30415
726,224
811
20738
4
7
5
856,220
637
30858
31643
45
93
86
4778878
2,631
388,465
9,023
98
24
78421
34
7
723
678
515
97743
73
83330:65
131
9,151,334
608
6316430
47065
434
31.385
9,041
3812283
30858
72044
8,315
70043
880808
1
740
51288
8,404,110
834648
1063477
68,682
5
32
16
1
8714818
75823
7
9,057
87
967551
4,204,458
1763
9,364,447
455
65
8088
16
582725
3
95
117,227
8030655
74084
72
8677
9
9
2785
5
3,778,066
10678
366
8666302
452
1/5657
2382161
2,267
8
706,686
616757
400312
7277687
7
768730
52700
57,847
70
3
11
4
2
61211
3.3430
84,315
242,478
3,460,073
42
4,804
77.167
578
9557
3
211,618
55116
44
9,042
5
98
576
3
3526
31
1,564
5117
251
45501
564.04
4031
1527054
9
66,562
1,303,601
454
30
3
254612
906600
33403
6
86
128
8#6
668
9
8275
240,141
1
60430
73
567
94
816
826
3152834
755
6,318
642
213436
24
87
913
310,540
21,830
372
4056
3650
1
736
503654
484
9
5
140653
105:4
85
140
28,775
9
4302337
64354
28
5
377037
8
2
4825512
8
7,141
63257
13040
9352265
733
4
-7347/2-4
4
32611
8
27118
5,088,028
30404
2642.6
41,030
8738753
4
383550
67032
900
73
840
9367424
25
15357
7
2,565
81
2,261,073
37.637
1
9831
9,622
7307538
6475
9
168365
9426075
47,620
46/4
662
8612
867
122237
98482
8
13
61
71:502-5
4314
88
956070
1,275,547
101273
8
5
6
32
64056
50063
977,235
782,450
1,618,238
2130.1
32541
725462
73,050
4602
146
3
2628
423,155
1,008
3008224
6#14
16386
75,348
123586
8
1,532
1110213
4,551,724
124,377
36,740
1
6222
775
2
8
284.16
2,156,743
2
3
25
7310
4781
336
8
5784
6
331
7241
5-71:51)50
174,245
3524
93
1821
20520
8260086
516
6086628
#7-63556
94,563
37
676374
827
2
6
4(38
720811
577
63,640
16638
863302
216554
2837
16
532,386
97051
33708
488
264360
9
8165
86
36481
4
2305
7
45502
1184824
34,501
936108
9
32
972
8121372
76
6,125
381708
201
64
57,521
564,201
(24#73(8#4
4525
3283821
472
456,447
3353
552
1
86433
6084
4,811,843
7311816
642
903
6,803
2705244
4057
7773
402
9857365
128
5465
2
72
6
536
552134
442
76,012
647,154
(7
7
672255
37
2
742557
5483
92
25
4
8
42104
64#432
1
33
730
36,454
2
52
45143
782261
2,123
777052
3
7828
4472
4,851
176780
6
2456261
27
2
7,814
37
#2)4
906
1
5
31
801
13
80576
744,316
30722
8238
613,321
716
465
2252631
6
33048
468
30
4
756,555
72
7871715
300.15
16233
8248
76
1,222,517
340204
72
94
9
56,333
4,225
2143
7
30
57
280
86775
4,256,456
1
772838
935
7
5,102
86,474
4
84,763
98
238,747
7
70
8451
3,051
82703
2,873,442
6871474
333
97250
8122
887
136246
8386367
34,752
67.735
9465208
4
3
84
466
4,622,804
48251
58
58
313661
1
80
8
9
18
70
785183
86578
6552703
520
73464
3
33.24180
24
605677
782,150
80
5
71,488
262055
5252
1
57585
61
5780313
1
5,554
5
8741858
6
60546
657765
237
6,832
6741630
3678470
4
237,322
878
45548
76
826
7,116,766
9221
25,483
27
77
712342
4530841
5,051
724
2,667,220
3,223,864
271
48
162
)13(48
7357
48438
2
367
6554754
2
882125
21235
662
351,173
634
7543483
3,011
2,764,183
656
825
4075
76606
702
9
7188
9364
3764
5,471
16041
3541
865
3120
3,801,074
3
734
10857
634.6268
501745
10
2
40
9285686
6145
5,135
375201
676
3670
5116823
966,027
9508064
468
5)2307
131
3
74313
5
238
8204082
112518
80524
6,376
6/6:582(35
3,725
9131
334
5,343
7261715
4,030,103
826
7,813
8880
211
5,513,040
96760
321,161
6307
2
85
9214
3,546
2
856188
9
6.886
8
42,751
701
2250
3
1
80646
67780
20154
6684251
8
36,563
53
678811
268114
4
60
3(88:1
76
6
35
30,863
536.024
676,578
38
357
2,263,575
3,883
57
9,065
206
7680
210,682
44,487
514
2
338,424
236
45
4
87.58
5
720,458
5632061
200267
3185013
208
5463248
5070
87,610
2031
8
9.20582
502
24
6
48,576
4465181
68
323348
3
413711
15830
57533
7573522
7301452
91
857.4
43657
85,851
58
6,674,222
8664:2
58872388
92
65
925711
15377
3401466
962
43
5
654
538,377
7445831
845126
5635
50882814
74
253
8
8675614
9248212
2301785
1208
2144022
738
74.302182
6377
36
22
2820
326150
72,721,644
57,048
776172
914568
755614
8
1163.27
37625603
9,125
(4/35
7.7
56:06
138527
16170823
723
24,036
62.6272
821253
682,724
2537
1843548
10703
88860810
9835
7
377214
43346831
785775
1476
8/12#0
230
45601
76210
325
33574658
1,286
153
227778
406
4
5436
112
1.068820
4,384,658
56
5156606
981,544
36332444
71268
17
8/0672)5
-9(05
8668621
88257
4
5525
52200(6
30267070
97,231,326
2,750,542
76
4
380
185141
103022
558
8)3
93
9561
586
250
67563
90483
93615642
8507702
73480588
555615
515
44378048
8
98,782,342
3
7,865
70473386
7
12400801
9,728,171
434
13318086
7
22252277
28114
46
2
47825
74745600
635043
1517
8758
768
284486
2537
94731
2277
7
6715
33044720
25,843,515
7124
5333.12
7,578,585
52
2
131
9(312)26
904
85542374
984
44,870
3
5607
1,078,836
63,325
845
2235
77,013,600
1600812.8
76
78
4,571,408
91
41728256
3462
1
80
1823
12465635
38638
801,406
67,610,285
82304505
6
8,063
33448135
2,351
4083732
666744
6
91
96438
2.7530220
13,500
3
561
22,153
325063
723
74,787,680
905
306
17,532
34
2447
1
9
10804241
85185
774,757
74623430
6358
70
75.24
28
4510
5388
93110
130
450680
2
440
55
98
5507
814,371
98568
246
18
76,876,447
9
97170(71#2
266202
9,247
23103
3,207
47136
8701808
36
#87/82)727#6
371
1
88
843
84213
62
8,362,717
17766030
7115520
9
11
20483720
2108
241,650
172
13
2648476
8
424145
97043
1,016,047
28
9
148
974
232
460
322,138
4762
4835
81755
770727
863800
88734332
96
6374
16(15
162
7858
953
262588
4
4276
41
7853443
462204
5,036,487
90882
6,470
921
60613072
3713
1637
8470374
5068
4
2006335
33.766470
61430
335
12521760
-2/473705/6
7,344,348
6,415,333
936
435874
648
2,465,411
473183
9,753,818
6
5133681
1651
268,241
7312.2
35437147
51105805
988137
4,330
682
45
1.6
13
268,815
5-3-6
61
830162
8301
47,530,741
7077
30
4
73,816
83
9735278
9
4777804
63,214
2373
73677
52831
9051
15354371
1
3
72865-7/4-2
70512361
8
9
76,048,862
62,413,320
245811
15806071
5052
24005207
281
215
#3
50,502
1
7,041,360
22,410,107
31
30
6106
40301221
33
146
675
2761
3860842
55208
62#627
98
916621
805
21660/373
6,533,180
36687.2
783,741
67(5
80526
6832
342,063
14
136
2
471
6
9142726
850888
753
9
50084221
94,633
543,283
8,274
542,451
2
68508624
7,181,511
6
776,870
774306
14,443
474
-142/3(7
437
7
1,628,463
8,085,781
1221
457540
67,870,681
72
3,241
92,833,714
8,337
424
5406888
6054
7,513
1203714
2
6055440
/977
565,072
62
37185035
258,830
68
487008
54160648
41608
65774
61461
7688833
82128676
1
2,615,282
645
1
330
60472671
57,011,720
25.33
88528.33
261786
727
(4386
2
3588
246460
588
9,363,277
7080
/9266#5108
62,018,063
#978-776)04
126811
3,541,414
630
48,525
50
30
54
225
56647
2
54658
176,417
57
963
41,435,215
1458474
31,457,351
9232738
234736
26342205
31
345
25237862
7
62
4020
55073
5028
4212407
4
93720
63467
256
85062184
2.35046
767
15,887,668
235
9264
181163
123
934,525
34,433
91240
9
2.442
348
3
27
/7#0
90065238
5
46
7
58,455,503
4
737
713
8
61003
5427328
6217160
21
385,835
6721613
846
178805
733
268
33
8,626
61
248
65
1308325
7700561
2.777
3,145,108
134637
10212775
620
2734
968322
145477
2,433
77
8648652
46
583
74420773
55
1
334,146
8450
12,181
1
265161
80.3764
814624
3,706,288
54211
2,805
52483.645
3321745
6546323
6,355,334
1711013
2,641
172
406
68140
9,321
65102313
5474
272,547
8888
1.5
42
20
92772311
1841
84434682
8084
#1
580165
78528/15
388121
18
3,280
34888102
9051
966
425365
60608
40781008
663
5
95744
4#37/052)0
1
3362137
24202
688273
83647
2851320
70600
552
2
2717155
1451.363
946.0
47
64341
9282416
62667
4455537
137
28845553
86
66387207
24.3
70
22,728,323
925247
861684
166585
23
2,404
45668482
41877370
7
3,483
2168540
66005322
7
9414
65808362
60.02
437
227
58284200
22,561
67402207
2150282
88
5260
9,310
92117
6,656
7045
66
433
1
1370876
16
248786
942
3
-6
934332
9,513,260
282
368654
777167
943
133
9,353
73.0
1756
8
926
284580
8554
96405867
961,080
833
9
77,578,482
40
5,334,040
95360503
)3743/7#543
11783875
5538770
857,662
684
86
76614
47763
5,100
463,245
27
717216
7417
77
7507584
38,237,236
823
67,016,025
73537
9346085
38,876
57,243,080
923178
22
83734
9
8371320
361
/85471
7
45082
5
451
58
12,877
458
27,865
813,046
3122
988
675,058
1
8676160
24,358,870
262
3,600
77
23471
5637410
3(27208
786,600
5210780
47363
420
6,425
680,835
24
7457
8068
7
7,732,318
51,514
4,108,854
55
9110443
241
20838
2,151,656
53527141
555
4200
42
7
5
1775
6
3
5,782
653
18282
7766175
7
55775
6704
9,861
68,230
961203
203
2664
8085314
54#570/0-4/5
366311
95423865
765
85255028
23,154,607
24,410,303
61
81805
635326
177
453
4
544568
638,577
856
40
977
2,584
801
431023
11
47,633
18375
3
98517
33635158
1
507,343
33262
31,273
2,478
62
7,022,555
12
532355
715
94
83
28140
445,858
80304
63884
9805
6856
1487657
9
4
8
651365
98.8
4773835
10
921
2326.35
358
27
64
4.1
9
158
18
80075
730
413
280630
1/6
456230
482
10
63601516
61284214
76407012
5
641832
738547
15,418
255
723
6
9301126
16665742
8
2
612,681
3,675
4,285,022
41
1,071,525
915
76308
828261
1
5
413
5,325
34,424,244
177
33,314,724
944
9
2173
307
986
1
6247574
624,145
28,562,247
8457671
8,352,507
42
4060
2345288
140,880
276
#464/41(61
206481
41147
30750
9762772
2352346
617606
524
961
8021
3168138
25
32157641
2423
381647
2
86,846,433
117405
402876
8
5,410
4,313
6386170
28860715
474,686
183011
9
500726
75436
375
781231
9,172,340
7
58,036
61,860
64182535
53.0544
8472205
5268
153374
40,460,042
3208
66
8
73
406,723
10
374
576
71203
363.87
1774401
80180.4
453485
7,068,230
47
3651
5676
540
7607154
83
9544711
205
30206
/812
2662
945
64
674
5,766
90,106,420
976,555
4,125
4283420
6,242,312
65,013
887
5
62,814
26734512
93
850
46
927,802
737
27351313
55,124,816
3
142
6)02
833220
13702561
3
158
66084830
4
4
15528.3
935710
277
2100
742,745
30345287
7
605
121
6763
38,504
5
7,424,028
540675
7415
963
58,864
50107537
232745614
180
96,520,513
8
755161
57,213,514
411
6280
6754
2,444,736
18
515,736,403
53134186
5055
4741735
6
828720
80678
768741885
55
433
833
94430557
74243
8584475
514871
4631
58746080
615,877
97
976772260
288373
9846
2421
28,531
94
8,161
17.8
358128163
86
7
662
9203
/4#46
850
51.2006
145
525,606
80
23383032
140252
42,267
40,317
4
2887
94066040
662,424
1)447
43
9,423
16
3,637,476
371
407105
480,430
642
97011825
73326
1
76,350
238,582,475
90,236,487
8
58767
50,381,480
23116507
917,238
940875512
6
67,637
102677773
137
88344
764
8283618
1724
56
5,771
2
1503221
47286.1
42
38866837.5
63
57
5554303
67321
107
6
770844
867113106
161
9.8487
8
51064
1,057
82107
75300848
(9
1533
65,002
8531
83843684
81726452
8.885
67514
92
10485
15
4018
15,086
1461
77633763
112,826,711
64
323821
1,446,855
5546
6165573
6
266803
186012
5,715,768
82784
4,382
7717285
374724
61,113
673
30138446
583
98830344
2442304
802
22,082
88553
7322
253
4123166
7
402
4
37
1,476,025
72
2,551,341
763
34212540
786
8,078
5202
85486516
5,114,121
422200
237,725,808
345438741
943057273
7253
671174
40,140,842
5071
25417
388321240
24
(81-120434)3
6801
81666481
5
380
341
12
64
232,682
3.833
1651815
531
8
2-2187722
96512
804134458
452305
518327384
5
85,044,663
-92876/5(4:1
106387
8,856,626
9
62
3
535
51,056,886
5568
8.0
4
8184522
9,113
4
2,017,032
94
103355747
6581321
61673
68734644
95638
447
7,886
#1/634-64
2,367,843
6486063
3,572,247
7.844208
4:6/501)8
576204335
46358
480
88852
30,703,427
945255772
95,360,035
12812561
34
65,330,142
9855075
5
2564
42435422
7126354
9,442,340
4
906383424
25
553,132
256228251
93
205
56611
5461
714,432
1380
/9
8033073
377
418
364670623
538
630846331
42434
3
97,312,721
983
426627630
4,730
684
6
7
400363648
4561150
2652
858,518,761
242116
285,704
543
96630
2771065
823650700
385,612,422
43
38,505
862627812
1
487
145854
3,212,412
942
3,614
/60587)57
743843128
21
202821
45432
107
86616354
7878305
8342
946
511731822
70
81122762
91
651470507
8448
740
4,385,305
43644
17538
667
5851335
927
81233831
566
210722
3,505,276
4
276837478
8
6711785
16
941562484
67
2531535
237878
38
6,553
17354427
1,757,275
6072763
88717663
904
91
57224
3501
63176
3882523
6688115
676,537,266
7
33004605
25314321
95
15
35
37182876
16
41206480
246112464
4586
6343853
35136351
701,534,547
6,078
68,208,545
120,200
45
3258
118,573,531
780165
46
41
36,210,452
904,357
562021
57
544,344,386
48
5557152
52
6511
3685702
6508
2,157,184
9,030,758
660
8,386,565
9571
4,571,667
7:805(881/0
312030
15
71
1868
8403
8716507
4
7
74,253
307,388,157
9,813,576
84428566
1805
8638347
500364
6#41-0)10
1
301845)7
575684272
780831.3
505732
984,160,762
885
317
722
677,075,128
5375
98283
784
76586
582,388
4528103
7347
7
6867
463,642
64562025
62
603401566
680#728(28
287646
785468
52520
5533
3
95
11811603
1313844
27
373113286
#92(754
673,580
1
28132234
58747241
9702
752023
3,215,857
7,328
476526
66533874
565,716,737
7222
5
2,867
22
13
1863
963440
83,322,000
9
444872
92343726
325615
3152
505
4,758,617
118056051
325.150608
-966
63,644,156
25818617
353,022
33
3421
23
77
603
74
110
8003
76,705
912,138,722
6,227,107
:171/3:858-6(8
2
377
66048216
3340038
4
2086
28
5
65216731
74,754
96148
91440
4467006
822,720
848,457,001
93
47638482
2
253
461684
72-176#7#4
184
623614055
76
44
9,065,515
2
3,282,055
1384
92
458
61,038,407
3768231
480777711
9
6205
2187
30
4374881
418
2
616717
9683607
61772
3766026
83
1
:866
53335661
26784767
523173
853
63460168
884613
987337283
527658461
1
7,324,316
52.12458
9486510
38441583
32,756,862
968343
:5/67228
124462080
92470377
452(6:5)4557
2,664,858
674422
2811828
744
101
81
47,238
806
6540
276865536
18703666
337,645,423
127
60682063
96646618
644606
2304550
88632
91165
1604
48072332
4,880
50
5,031,847
934
138
7
4185
10683805
24,181,132
411,272
6,344,713
93025311
4762
513,661,060
96213357
81
7730035
44
61,144
1,654,103
98243#4
93
802
8506:812:5
70468100
6618
96060467
33
658242331
96,253,506
6228824
223
408306555
943,828,287
1,215,340
92
1,432
5
8
9,671,804
756281
3376
913,634
3611417
9058106
8110
2765
6848040
3
5112842
134604314
20000514
25,136
9335
7
56,426,236
766870
4
11420.547
5322116
5534
56
647105361
132731234
7
9
57760008
263,353
82,827,822
1034.5046
713720
3363265
1,846
3287078
7
71,300
312
965
803554653
4
8,864
98113
2
2156324
7,535,447
1321.57
945
7,526
4346386
20
46
4006700
660817
60106
880524363
921558752
5,440,421
4705534
167
45135751
16
70
66
43
8,561,852
1
63
8
1,833
6
7
5836220
714857
33
3/0778-03:8#7
4(44#018(752
51
17547454
62
356,868
57,431
713547
763082633
807878166
945835878
413836726
17,636
55,456
5304
2
#6/5:1:456
2
63304632
7,532
6
78345654
5657704
11520
16486138
280040164
322:335)64
46
25
8484660
573228520
734344723
2,481
68600
380467787
58277
2,234
45610
3
358
5
6,560,480
3642374
38713
3
815358
32,586
955680370
3468107
863361635
474,451
716063
787874860
8
2
715
5666470
85,125,784
664.71
3453
760808
30716
6
6,681,274
5
380
755,235,444
6
1)1(3526-0
638870624
8
2,288
2,178
78016
6306563
50826672
1228
3048245
27,344
431,134,262
1733835
12,655,351
6
8617
58
5
782
3287534
742
9
2
50666
18
82525410
23,066
24
516
6
1035622
18855
9,550
1
4431172
86413
53333283
3243
55211130
6621
6
14754
707052
905248628
305
320
8
161181
622558
13
31
91,442
36437
657.58
1
142540252
2,722
8537
22356
48
56
92236
576
8
1,482
700327580
68638748
57
7,263
56314088
117218
43
4
166.55
137475711
24,582
4
#5#102727
76700
2807557
514575878
710
97712
55,144
144,027,421
60765450
843546
65,268,137
6308
627,447
68428
352
278341663
22765427
54,441
446,662,633
6766704
465165040
47
80,231,386
520740658
374,440
641
1330348
327,314
96776661
42632
922103
16467162
4
981813
200,854
9
10655
1
3,738,160
47323
186(60/1
4,054,125
52,275
445
3
23,570
4683
954017504
40781
686105
32,127
7703
98,128
70536353
817576745
3.27587725
50506
12123323
2
41712
5)131
266274
72
1
57,400
66
8274570
350
451.06
74
4046602
545,414,432
21
562
612,515,721
7
96
8
85434808
847342172
912
6638
603,846
2138223
6016
20
117
5
8
8272824
848504
806805145
3
965244.580
26347321
280,577
54
61573741
/4#0
3,761,171
2208532
9558
90.56
888
58
501
1
8,678
924
44
33,611
1377
3230286
260
3238533
)4#3-46/8
522534
3.3543010
9
327121847
28,667
672
3,622,367
987321168
628
75483
7,407,438
5
16
78.378000
705431
2
33
382
63
55344770
40,647,075
6050632
1,664
81
9(16:8
915851
442
6521558
4401
428
6
528,252,158
20440
7842
9,002
1,033,127
3661
76051
/4-7
58187271
2,855
9788172
4300424
2428
2284017
46660355
10586
15
5434
533
201
22
924382682
6
78,066,341
26833
5
12
31646
403.55635
787
30
74323675
